0 
0 
0 
0 
0 
0 
0 
0 
0 
0 
0 
0 
0 
0 
0 
0 
0 
0 
0 
0 
0 
0 
0 
0 
0 
0 
0 
0 
0 
0 
0 
0 
0 
0 
0 
0 
0 
2 
3 
0 
0 
0 
0 
0 
0 
0 
0 
0 
0 
0 
0 
0 
0 
0 
0 
0 
0 
0 
0 
0 
0 
0 
0 
0 
0 
0 
0 
0 
0 
0 
0 
0 
0 
0 
0 
-1571190333 
-1537003219 
1815171677 
437686057 
-1089414623 
-345994439 
257179803 
1683851257 
948576233 
-197847297 
-914835123 
349000259 
-1277970591 
279714357 
-1829988831 
-361490283 
1811534629 
-560637563 
522721695 
-2119555659 
-913224377 
1651004517 
-1350769315 
817238879 
28433141 
1134431153 
1024570405 
1430915189 
1869702417 
2107799615 
897888393 
-1704849965 
-1686543481 
1047855233 
1936995631 
-766518303 
2028763479 
0 
0 
0 
0 
0 
0 
0 
0 
0 
0 
0 
0 
0 
0 
0 
0 
0 
0 
0 
0 
0 
0 
0 
0 
0 
0 
0 
0 
0 
0 
0 
0 
0 
0 
0 
0 
0 
